Waf: Entering directory `/home/daniel/workspace/802.11ad/build'
Waf: Leaving directory `/home/daniel/workspace/802.11ad/build'
Build commands will be stored in build/compile_commands.json
'build' finished successfully (0.777s)
set terminal png
set output "reference-rates.png"
plot "-"  title "54mb" with lines, "-"  title "48mb" with lines
5 33.024
6 33.04
7 32.928
8 33.04
9 33.056
10 32.864
11 32.976
12 32.976
13 32.88
14 33.024
15 32.992
16 32.896
17 32.88
18 32.976
19 32.928
20 33.008
21 32.944
22 33.04
23 32.992
24 32.896
25 32.208
26 29.472
27 19.76
28 2.304
29 0.064
30 0
31 0
32 0
33 0
34 0
35 0
36 0
37 0
38 0
39 0
40 0
41 0
42 0
43 0
44 0
45 0
46 0
47 0
48 0
49 0
50 0
51 0
52 0
53 0
54 0
55 0
56 0
57 0
58 0
59 0
60 0
61 0
62 0
63 0
64 0
65 0
66 0
67 0
68 0
69 0
70 0
71 0
72 0
73 0
74 0
75 0
76 0
77 0
78 0
79 0
80 0
81 0
82 0
83 0
84 0
85 0
86 0
87 0
88 0
89 0
90 0
91 0
92 0
93 0
94 0
95 0
96 0
97 0
98 0
99 0
100 0
101 0
102 0
103 0
104 0
105 0
106 0
107 0
108 0
109 0
110 0
111 0
112 0
113 0
114 0
115 0
116 0
117 0
118 0
119 0
120 0
121 0
122 0
123 0
124 0
125 0
126 0
127 0
128 0
129 0
130 0
131 0
132 0
133 0
134 0
135 0
136 0
137 0
138 0
139 0
140 0
141 0
142 0
143 0
144 0
145 0
146 0
147 0
148 0
149 0
150 0
151 0
152 0
153 0
154 0
155 0
156 0
157 0
158 0
159 0
160 0
161 0
162 0
163 0
164 0
165 0
166 0
167 0
168 0
169 0
170 0
171 0
172 0
173 0
174 0
175 0
176 0
177 0
178 0
179 0
180 0
181 0
182 0
183 0
184 0
185 0
186 0
187 0
188 0
189 0
190 0
191 0
192 0
193 0
194 0
195 0
196 0
197 0
198 0
199 0
200 0
201 0
202 0
203 0
204 0
205 0
206 0
207 0
208 0
209 0
e
5 30.64
6 30.752
7 30.608
8 30.608
9 30.64
10 30.624
11 30.704
12 30.624
13 30.64
14 30.704
15 30.624
16 30.624
17 30.64
18 30.672
19 30.624
20 30.624
21 30.704
22 30.592
23 30.592
24 30.624
25 30.752
26 30.608
27 30.4
28 29.312
29 25.328
30 11.472
31 0.96
32 0
33 0
34 0
35 0
36 0
37 0
38 0
39 0
40 0
41 0
42 0
43 0
44 0
45 0
46 0
47 0
48 0
49 0
50 0
51 0
52 0
53 0
54 0
55 0
56 0
57 0
58 0
59 0
60 0
61 0
62 0
63 0
64 0
65 0
66 0
67 0
68 0
69 0
70 0
71 0
72 0
73 0
74 0
75 0
76 0
77 0
78 0
79 0
80 0
81 0
82 0
83 0
84 0
85 0
86 0
87 0
88 0
89 0
90 0
91 0
92 0
93 0
94 0
95 0
96 0
97 0
98 0
99 0
100 0
101 0
102 0
103 0
104 0
105 0
106 0
107 0
108 0
109 0
110 0
111 0
112 0
113 0
114 0
115 0
116 0
117 0
118 0
119 0
120 0
121 0
122 0
123 0
124 0
125 0
126 0
127 0
128 0
129 0
130 0
131 0
132 0
133 0
134 0
135 0
136 0
137 0
138 0
139 0
140 0
141 0
142 0
143 0
144 0
145 0
146 0
147 0
148 0
149 0
150 0
151 0
152 0
153 0
154 0
155 0
156 0
157 0
158 0
159 0
160 0
161 0
162 0
163 0
164 0
165 0
166 0
167 0
168 0
169 0
170 0
171 0
172 0
173 0
174 0
175 0
176 0
177 0
178 0
179 0
180 0
181 0
182 0
183 0
184 0
185 0
186 0
187 0
188 0
189 0
190 0
191 0
192 0
193 0
194 0
195 0
196 0
197 0
198 0
199 0
200 0
201 0
202 0
203 0
204 0
205 0
206 0
207 0
208 0
209 0
e
set terminal png
set output "rate-control.png"
plot "-"  title "arf" with lines
5 31.504
6 32.944
7 32.832
8 32.88
9 32.96
10 32.88
11 32.944
12 32.928
13 32.928
14 32.848
15 33.024
16 32.992
17 33.008
18 32.912
19 32.928
20 32.928
21 32.864
22 32.864
23 32.768
24 32.848
25 32.272
26 29.376
27 23.04
28 22.608
29 23.056
30 22.992
31 23.04
32 23.072
33 23.024
34 23.008
35 23.056
36 22.944
37 22.976
38 22.96
39 22.96
40 22.432
41 21.072
42 17.856
43 14.448
44 13.776
45 13.728
46 13.776
47 13.792
48 13.712
49 13.76
50 13.76
51 13.776
52 13.744
53 13.76
54 13.76
55 13.792
56 13.76
57 13.76
58 13.728
59 13.728
60 13.776
61 13.76
62 13.744
63 13.744
64 13.744
65 13.712
66 13.696
67 13.584
68 13.2
69 12.64
70 11.744
71 10.416
72 9.696
73 9.552
74 9.536
75 9.584
76 9.616
77 9.664
78 9.6
79 9.648
80 9.632
81 9.536
82 9.6
83 9.552
84 9.424
85 8.784
86 8.448
87 7.376
88 6.56
89 5.808
90 5.296
91 5.232
92 5.216
93 5.216
94 5.216
95 5.216
96 5.232
97 5.232
98 5.216
99 5.216
100 5.216
101 5.216
102 5.216
103 5.184
104 5.184
105 5.104
106 5.008
107 4.944
108 4.8
109 4.48
110 4.496
111 3.968
112 3.296
113 2.8
114 1.568
115 0.928
116 0.544
117 0.16
118 0.048
119 0
120 0
121 0
122 0
123 0
124 0
125 0
126 0
127 0
128 0
129 0
130 0
131 0
132 0
133 0
134 0
135 0
136 0
137 0
138 0
139 0
140 0
141 0
142 0
143 0
144 0
145 0
146 0
147 0
148 0
149 0
150 0
151 0
152 0
153 0
154 0
155 0
156 0
157 0
158 0
159 0
160 0
161 0
162 0
163 0
164 0
165 0
166 0
167 0
168 0
169 0
170 0
171 0
172 0
173 0
174 0
175 0
176 0
177 0
178 0
179 0
180 0
181 0
182 0
183 0
184 0
185 0
186 0
187 0
188 0
189 0
190 0
191 0
192 0
193 0
194 0
195 0
196 0
197 0
198 0
199 0
200 0
201 0
202 0
203 0
204 0
205 0
206 0
207 0
208 0
209 0
e
